E:
errorpos =

   1.0e-03 *

    0.2504    0.2412    0.2431    0.2441    0.2445


errorspeed =

   1.0e+04 *

    3.6351    2.0027    2.4182    2.6177    2.6853


EI:
errorpos =

   1.0e-03 *

    0.2785    0.2522    0.2467    0.2453    0.2449


errorspeed =

   1.0e+04 *

    6.5708    3.8599    3.0549    2.8206    2.7495


EC:
errorpos =

   1.0e-03 *

    0.2623    0.2503    0.2465    0.2453    0.2449


errorspeed =

   1.0e+04 *

    2.1417    2.5130    2.6511    2.6962    2.7106


RK2:
errorpos =

   1.0e-03 *

    0.2318    0.2391    0.2428    0.2441    0.2445


errorspeed =

   1.0e+04 *

    2.0355    2.2693    2.5618    2.6669    2.7012


BB:
errorpos =

   1.0e-03 *

    0.2454    0.2448    0.2447    0.2447    0.2447


errorspeed =

   1.0e+04 *

    2.7436    2.7199    2.7175    2.7173    2.7172



